70,35
12,1
62,2
12,3
62,1
62,0
61,4
61,3
61,2
61,1
61,0
60,4
60,3
60,2
60,1
60,0
59,4
59,3
59,2
59,1
59,0
58,3
58,2
58,1
58,0
57,4
57,3
57,2
57,1
57,0
56,9
56,8
56,7
56,6
56,5
56,4
56,3
56,2
56,1
56,0
55,5
55,4
55,3
55,2
55,1
55,0
54,4
54,3
54,2
54,1
54,0
53,4
20,2
53,3
20,1
53,2
20,3
53,1
53,0
52,5
52,4
52,3
52,2
52,1
52,0
51,4
19,2
51,3
19,1
51,2
19,3
51,1
51,0
50,1
50,3
35,10
35,9
35,1
35,8
34,16
34,15
34,14
34,13
34,12
34,11
34,10
34,9
34,8
34,7
34,1
34,6
34,5
34,4
33,149
33,148
33,147
33,146
33,145
33,144
33,143
33,142
33,141
33,140
33,139
33,138
33,137
33,136
33,135
33,134
33,133
33,132
33,131
33,130
33,129
33,128
33,125
33,124
33,123
33,122
33,121
33,120
33,119
33,118
33,117
33,116
33,115
33,114
33,113
33,112
33,111
33,110
18,1
18,3
33,109
33,108
33,107
33,106
33,105
33,104
33,103
14,6
14,3
33,1
13,1
13,3
33,102
33,4
31,10
31,1
31,9
14,12
14,11
14,10
14,9
2,2
2,1
14,1
2,3
14,8
0,559
